0 0.8831556847222222 0.42140396203703706 0.8742732555555557 0.43001722685185184 0.8799257104166666 0.43217054259259263 0.8928456069444445 0.4332472009259259 0.9049580104166667 0.4332472009259259 0.9170704131944444 0.4332472009259259 0.9332202840277778 0.43001722685185184 0.9291828166666666 0.4203273037037037 0.92110788125 0.4106373814814815 0.9146479326388888 0.4095607231481481 0.9041505166666667 0.4095607231481481 0.8936531006944445 0.41386735555555554 0.8831556847222222 0.42140396203703706
0 0.6933947027777778 0.38479758796296293 0.6820897930555555 0.39664082685185187 0.6885497416666666 0.4009474592592593 0.7063145993055555 0.4009474592592593 0.7216569770833333 0.4009474592592593 0.7345768736111111 0.4009474592592593 0.7474967701388888 0.39664082685185187 0.7466892763888888 0.3858742462962963 0.7402293284722222 0.3772609814814815 0.7305394055555556 0.3718776916666667 0.7192344958333333 0.37080103333333336 0.703084625 0.3718776916666667 0.6933947027777778 0.38479758796296293
0 0.4826388888888889 0.37295435000000005 0.47133397916666664 0.3826442722222222 0.46325904375 0.403100775 0.4729489666666667 0.403100775 0.49152131805555555 0.403100775 0.506863695138889 0.403100775 0.5246285527777778 0.3998708009259259 0.5343184756944445 0.3998708009259259 0.5456233847222223 0.38802756203703703 0.5383559430555556 0.37941429814814814 0.5270510333333334 0.3772609814814815 0.518168604861111 0.3740310074074074 0.5052487083333334 0.3740310074074074 0.49152131805555555 0.3718776916666667 0.4826388888888889 0.37295435000000005
0 0.38573966388888886 0.39125753703703703 0.3744347548611111 0.39664082685185187 0.36635981944444446 0.40417743333333334 0.3623223513888889 0.4117140398148148 0.3800872090277778 0.4149440138888889 0.39300710625 0.4127906972222222 0.40511950902777777 0.4106373814814815 0.4140019381944444 0.40848406574074075 0.4212693798611111 0.403100775 0.4349967701388889 0.3977174851851852 0.4277293284722222 0.3901808787037037 0.4188468993055556 0.3901808787037037 0.41077196388888887 0.3901808787037037 0.4035045222222222 0.38802756203703703 0.39219961249999996 0.38802756203703703 0.38573966388888886 0.39125753703703703
0 0.2848029715277778 0.4009474592592593 0.271883075 0.4074074074074074 0.28641795833333333 0.41386735555555554 0.30337532291666663 0.4203273037037037 0.31952519375 0.4224806203703704 0.32679263541666664 0.4224806203703704 0.34455749375 0.4203273037037037 0.34617248055555555 0.403100775 0.3372900513888889 0.3955641685185185 0.32679263541666664 0.39233419444444445 0.3130652451388889 0.39233419444444445 0.2977228680555556 0.39448751111111113 0.2848029715277778 0.4009474592592593
1 0.08050710625 0.31373815648148146 0.0837370798611111 0.3266580537037037 0.08615956041666667 0.34603789814814817 0.09342700277777778 0.3643410851851852 0.09988695069444445 0.3869509046296296 0.10876937986111111 0.3772609814814815 0.10392441875 0.357881137037037 0.0974644701388889 0.3481912148148148 0.09342700277777778 0.33311800185185186 0.09181201527777778 0.3223514212962963 0.08938953472222223 0.30620155 0.08050710625 0.31373815648148146
0 0.18951873402777777 0.36757105925925926 0.1765988375 0.36649440092592594 0.16771640833333334 0.36649440092592594 0.15318152430555554 0.36649440092592594 0.1338016798611111 0.36972437592592594 0.11684431527777776 0.37080103333333336 0.12249677013888889 0.38372093055555556 0.13622416041666666 0.3869509046296296 0.14914405694444444 0.38910422037037035 0.16690891458333335 0.38910422037037035 0.18709625347222222 0.39125753703703703 0.2097060722222222 0.3977174851851852 0.22101098194444443 0.3977174851851852 0.24442829444444444 0.3987941425925926 0.2630006458333333 0.3977174851851852 0.2516957361111111 0.39125753703703703 0.2379683465277778 0.38479758796296293 0.22827842361111111 0.37941429814814814 0.21778100763888888 0.3772609814814815 0.2040536173611111 0.37295435000000005 0.18951873402777777 0.36757105925925926
0 0.7894864340277777 0.5742894055555556 0.7757590437499999 0.5764427222222223 0.7854489666666666 0.5872093027777778 0.80079134375 0.5979758824074074 0.8177487083333334 0.596899225 0.8363210597222223 0.5882859601851852 0.8419735138888889 0.5775193796296296 0.844395995138889 0.5656761416666667 0.8484334625 0.5581395351851852 0.8387435402777778 0.5559862185185185 0.8298611111111112 0.5592161925925926 0.8169412145833332 0.5624461666666667 0.8032138243055555 0.5699827731481482 0.7894864340277777 0.5742894055555556
0 0.5682332041666667 0.5850559861111111 0.5488533590277778 0.5775193796296296 0.5577357881944445 0.5947459083333334 0.5625807493055556 0.6065891472222222 0.5722706715277778 0.6162790694444444 0.5908430229166667 0.6205857018518519 0.6037629201388889 0.6184323861111111 0.6150678291666667 0.6184323861111111 0.6247577520833333 0.6130490953703703 0.6352551680555555 0.6055124888888889 0.6457525840277778 0.5958225666666667 0.65544250625 0.5872093027777778 0.6409076229166667 0.5882859601851852 0.6231427645833334 0.5882859601851852 0.6078003875 0.5882859601851852 0.5892280361111111 0.5850559861111111 0.5682332041666667 0.5850559861111111
1 0.8855781652777778 0.6001291990740741 0.8880006458333333 0.5872093027777778 0.8880006458333333 0.5753660638888889 0.8912306201388889 0.5656761416666667 0.8912306201388889 0.5581395351851852 0.8815406979166667 0.5462962962962963 0.8791182173611112 0.5678294574074074 0.8775032298611112 0.5829026703703704 0.8775032298611112 0.6012058574074074 0.8855781652777778 0.6001291990740741
1 0.8338985784722223 0.6195090435185184 0.8217861756944445 0.6302756240740741 0.8088662791666668 0.6431955212962963 0.80079134375 0.6539621018518519 0.7919089145833333 0.6679586564814814 0.8015988375 0.6744186046296295 0.8104812659722221 0.6625753657407408 0.8193636951388888 0.6518087851851851 0.830668604861111 0.6442721787037037 0.8379360465277779 0.6302756240740741 0.843588501388889 0.6238156759259259 0.8492409562500001 0.615202412037037 0.8540859173611111 0.6065891472222222 0.8589308784722222 0.5882859601851852 0.8605458659722222 0.5732127472222222 0.8645833333333334 0.5602928509259258 0.8557009041666667 0.5602928509259258 0.8516634368055555 0.578596037962963 0.8500484493055556 0.5925925925925926 0.842781007638889 0.6065891472222222 0.8338985784722223 0.6195090435185184
0 0.43661175694444443 0.5581395351851852 0.4212693798611111 0.5559862185185185 0.4059270027777778 0.5495262703703704 0.39300710625 0.5462962962962963 0.3784722222222222 0.5462962962962963 0.3720122736111111 0.5462962962962963 0.3607073645833333 0.5462962962962963 0.3477874673611111 0.5462962962962963 0.3364825583333333 0.5473729546296296 0.3251776486111111 0.5484496120370371 0.31629521944444444 0.5538329027777777 0.33083010347222225 0.5624461666666667 0.34213501319444445 0.5721360898148148 0.3550549097222222 0.5850559861111111 0.3728197673611111 0.5915159342592593 0.38412467708333337 0.5936692509259259 0.39462209305555557 0.5958225666666667 0.4067344958333333 0.5990525407407408 0.4196543930555556 0.6012058574074074 0.43176679583333333 0.6055124888888889 0.45114664097222223 0.6184323861111111 0.46325904375 0.6065891472222222 0.4705264861111111 0.6001291990740741 0.4842538756944445 0.5904392768518518 0.49636627916666665 0.5829026703703704 0.5028262270833334 0.5721360898148148 0.48990633055555555 0.566752799074074 0.47940891458333335 0.563522825 0.46729651180555554 0.563522825 0.44953165347222224 0.5602928509259258 0.43661175694444443 0.5581395351851852
1 0.11361434097222221 0.6335055990740741 0.12249677013888889 0.6507321277777778 0.1378391472222222 0.6679586564814814 0.14268410833333334 0.678725237037037 0.14833656319444444 0.69379845 0.14995155069444444 0.7077950046296296 0.15721899236111112 0.7228682166666667 0.16044896666666666 0.7304048231481481 0.1661014215277778 0.7433247203703703 0.17417635625 0.7325581398148148 0.16771640833333334 0.7207149009259258 0.16044896666666666 0.7067183462962963 0.15641149861111112 0.687338500925926 0.14914405694444444 0.6711886305555556 0.14349160208333334 0.6539621018518519 0.13541666666666666 0.6356589148148147 0.12411175694444446 0.6173557277777778 0.11926679583333334 0.6076658055555556 0.11442183472222221 0.5839793277777778 0.11119186041666666 0.5721360898148148 0.11038436666666666 0.5613695092592593 0.09988695069444445 0.5581395351851852 0.10230943125 0.5710594314814815 0.10553940555555555 0.5904392768518518 0.10957687361111111 0.6098191212962963 0.11361434097222221 0.6335055990740741
1 0.47698643402777774 0.5893626185185185 0.4729489666666667 0.5839793277777778 0.4681040048611111 0.5764427222222223 0.4584140826388889 0.5699827731481482 0.46002906944444444 0.5861326444444444 0.4705264861111111 0.5979758824074074 0.47940891458333335 0.6065891472222222 0.4842538756944445 0.5979758824074074 0.47698643402777774 0.5893626185185185