0 0.08292958680555555 0.4332472009259259 0.09504198958333333 0.4332472009259259 0.10715439305555555 0.4332472009259259 0.12007428958333334 0.43217054259259263 0.12572674444444445 0.43001722685185184 0.11684431527777776 0.42140396203703706 0.10634689930555555 0.41386735555555554 0.09584948333333333 0.4095607231481481 0.0853520673611111 0.4095607231481481 0.07889211875 0.4106373814814815 0.07081718333333333 0.4203273037037037 0.06677971597222222 0.43001722685185184 0.08292958680555555 0.4332472009259259
0 0.2654231263888889 0.4009474592592593 0.2783430229166667 0.4009474592592593 0.29368540069444443 0.4009474592592593 0.31145025833333334 0.4009474592592593 0.31791020694444444 0.39664082685185187 0.3066052972222222 0.38479758796296293 0.296915375 0.3718776916666667 0.2807655041666667 0.37080103333333336 0.2694605944444444 0.3718776916666667 0.2597706715277778 0.3772609814814815 0.2533107236111111 0.3858742462962963 0.2525032298611111 0.39664082685185187 0.2654231263888889 0.4009474592592593
0 0.4656815243055556 0.3998708009259259 0.47537144722222224 0.3998708009259259 0.4931363048611111 0.403100775 0.5084786819444445 0.403100775 0.5270510333333334 0.403100775 0.53674095625 0.403100775 0.5286660208333334 0.3826442722222222 0.5173611111111112 0.37295435000000005 0.5084786819444445 0.3718776916666667 0.4947512916666667 0.3740310074074074 0.4818313951388889 0.3740310074074074 0.4729489666666667 0.3772609814814815 0.46164405694444444 0.37941429814814814 0.4543766152777778 0.38802756203703703 0.4656815243055556 0.3998708009259259
0 0.5787306201388889 0.403100775 0.5859980618055556 0.40848406574074075 0.5948804909722223 0.4106373814814815 0.60699289375 0.4127906972222222 0.6199127909722222 0.4149440138888889 0.6376776486111111 0.4117140398148148 0.6336401805555556 0.40417743333333334 0.6255652451388889 0.39664082685185187 0.6142603361111111 0.39125753703703703 0.6078003875 0.38802756203703703 0.5964954777777778 0.38802756203703703 0.5892280361111111 0.3901808787037037 0.5811531006944445 0.3901808787037037 0.5722706715277778 0.3901808787037037 0.5650032298611111 0.3977174851851852 0.5787306201388889 0.403100775
0 0.6732073645833333 0.4224806203703704 0.68047480625 0.4224806203703704 0.6966246770833333 0.4203273037037037 0.7135820416666667 0.41386735555555554 0.728116925 0.4074074074074074 0.7151970284722222 0.4009474592592593 0.7022771319444445 0.39448751111111113 0.6869347548611111 0.39233419444444445 0.6732073645833333 0.39233419444444445 0.6627099486111111 0.3955641685185185 0.6538275194444444 0.403100775 0.65544250625 0.4203273037037037 0.6732073645833333 0.4224806203703704
1 0.9001130493055556 0.3869509046296296 0.9065729972222223 0.3643410851851852 0.9138404395833334 0.34603789814814817 0.916262920138889 0.3266580537037037 0.91949289375 0.31373815648148146 0.9106104652777778 0.30620155 0.9081879847222223 0.3223514212962963 0.9065729972222223 0.33311800185185186 0.9025355298611111 0.3481912148148148 0.89607558125 0.357881137037037 0.8912306201388889 0.3772609814814815 0.9001130493055556 0.3869509046296296
0 0.7555717055555555 0.3987941425925926 0.7789890180555555 0.3977174851851852 0.7902939277777777 0.3977174851851852 0.8129037465277777 0.39125753703703703 0.8330910854166667 0.38910422037037035 0.8508559430555555 0.38910422037037035 0.8637758395833334 0.3869509046296296 0.8775032298611112 0.38372093055555556 0.8831556847222222 0.37080103333333336 0.866198320138889 0.36972437592592594 0.8468184756944445 0.36649440092592594 0.8322835916666667 0.36649440092592594 0.8234011625 0.36649440092592594 0.8104812659722221 0.36757105925925926 0.7959463826388888 0.37295435000000005 0.782218992361111 0.3772609814814815 0.7717215763888889 0.37941429814814814 0.7620316534722222 0.38479758796296293 0.7483042638888889 0.39125753703703703 0.7369993541666667 0.3977174851851852 0.7555717055555555 0.3987941425925926
0 0.15802648611111111 0.5775193796296296 0.1636789402777778 0.5882859601851852 0.18225129166666668 0.596899225 0.19920865624999998 0.5979758824074074 0.21455103333333334 0.5872093027777778 0.22424095624999998 0.5764427222222223 0.21051356597222223 0.5742894055555556 0.19678617569444445 0.5699827731481482 0.18305878541666665 0.5624461666666667 0.1701388888888889 0.5592161925925926 0.16125645972222222 0.5559862185185185 0.1515665375 0.5581395351851852 0.15560400486111112 0.5656761416666667 0.15802648611111111 0.5775193796296296
0 0.36474483194444446 0.6055124888888889 0.37524224791666666 0.6130490953703703 0.3849321708333333 0.6184323861111111 0.3962370798611111 0.6184323861111111 0.4091569770833334 0.6205857018518519 0.4277293284722222 0.6162790694444444 0.4374192506944445 0.6065891472222222 0.44226421180555553 0.5947459083333334 0.45114664097222223 0.5775193796296296 0.43176679583333333 0.5850559861111111 0.41077196388888887 0.5850559861111111 0.39219961249999996 0.5882859601851852 0.3768572354166666 0.5882859601851852 0.35909237708333336 0.5882859601851852 0.34455749375 0.5872093027777778 0.35424741597222226 0.5958225666666667 0.36474483194444446 0.6055124888888889
1 0.11199935416666666 0.5753660638888889 0.11199935416666666 0.5872093027777778 0.11442183472222221 0.6001291990740741 0.12249677013888889 0.6012058574074074 0.12249677013888889 0.5829026703703704 0.1208817826388889 0.5678294574074074 0.11845930208333333 0.5462962962962963 0.10876937986111111 0.5581395351851852 0.10876937986111111 0.5656761416666667 0.11199935416666666 0.5753660638888889
1 0.14106912152777779 0.5882859601851852 0.1459140826388889 0.6065891472222222 0.15075904375 0.615202412037037 0.15641149861111112 0.6238156759259259 0.16206395347222222 0.6302756240740741 0.1693313951388889 0.6442721787037037 0.18063630486111112 0.6518087851851851 0.18951873402777777 0.6625753657407408 0.1984011625 0.6744186046296295 0.20809108541666665 0.6679586564814814 0.19920865624999998 0.6539621018518519 0.19113372083333333 0.6431955212962963 0.17821382430555555 0.6302756240740741 0.1661014215277778 0.6195090435185184 0.15721899236111112 0.6065891472222222 0.14995155069444444 0.5925925925925926 0.14833656319444444 0.578596037962963 0.14429909583333334 0.5602928509259258 0.13541666666666666 0.5602928509259258 0.1394541340277778 0.5732127472222222 0.14106912152777779 0.5882859601851852
0 0.5157461243055556 0.5904392768518518 0.5294735138888889 0.6001291990740741 0.53674095625 0.6065891472222222 0.5488533590277778 0.6184323861111111 0.5682332041666667 0.6055124888888889 0.5803456069444445 0.6012058574074074 0.5932655041666667 0.5990525407407408 0.6053779069444445 0.5958225666666667 0.6158753229166667 0.5936692509259259 0.6271802326388889 0.5915159342592593 0.6449450902777778 0.5850559861111111 0.6578649868055556 0.5721360898148148 0.6691698965277778 0.5624461666666667 0.6837047805555556 0.5538329027777777 0.6748223513888889 0.5484496120370371 0.6635174416666666 0.5473729546296296 0.6522125326388889 0.5462962962962963 0.6392926354166667 0.5462962962962963 0.6279877263888889 0.5462962962962963 0.6215277777777778 0.5462962962962963 0.60699289375 0.5462962962962963 0.5940729972222222 0.5495262703703704 0.5787306201388889 0.5559862185185185 0.5633882430555556 0.5581395351851852 0.5504683465277778 0.5602928509259258 0.5327034881944445 0.563522825 0.5205910854166667 0.563522825 0.5100936694444445 0.566752799074074 0.4971737729166667 0.5721360898148148 0.5036337208333334 0.5829026703703704 0.5157461243055556 0.5904392768518518
1 0.8855781652777778 0.5839793277777778 0.8807332041666668 0.6076658055555556 0.8758882430555556 0.6173557277777778 0.8645833333333334 0.6356589148148147 0.8565083979166667 0.6539621018518519 0.8508559430555555 0.6711886305555556 0.843588501388889 0.687338500925926 0.8395510333333334 0.7067183462962963 0.8322835916666667 0.7207149009259258 0.82582364375 0.7325581398148148 0.8338985784722223 0.7433247203703703 0.8395510333333334 0.7304048231481481 0.842781007638889 0.7228682166666667 0.8500484493055556 0.7077950046296296 0.8516634368055555 0.69379845 0.8573158916666667 0.678725237037037 0.8621608527777778 0.6679586564814814 0.8775032298611112 0.6507321277777778 0.8863856590277777 0.6335055990740741 0.8904231263888889 0.6098191212962963 0.8944605944444444 0.5904392768518518 0.89769056875 0.5710594314814815 0.9001130493055556 0.5581395351851852 0.8896156333333333 0.5613695092592593 0.8888081395833333 0.5721360898148148 0.8855781652777778 0.5839793277777778
1 0.5270510333333334 0.5839793277777778 0.5230135659722223 0.5893626185185185 0.5157461243055556 0.5979758824074074 0.5205910854166667 0.6065891472222222 0.5294735138888889 0.5979758824074074 0.5399709305555556 0.5861326444444444 0.5415859173611112 0.5699827731481482 0.531895995138889 0.5764427222222223 0.5270510333333334 0.5839793277777778